<?xml version="1.0"?>
<opencv_storage>
<calibration_Time>"Tue Feb 11 17:12:53 2014"</calibration_Time>
<nrOfFrames>10</nrOfFrames>
<image_Width>1280</image_Width>
<image_Height>720</image_Height>
<board_Width>9</board_Width>
<board_Height>6</board_Height>
<square_Size>50.</square_Size>
<FixAspectRatio>1.</FixAspectRatio>
<!-- flags:  +fix_aspectRatio +fix_principal_point +zero_tangent_dist -->
<flagValue>14</flagValue>
<Camera_Matrix type_id="opencv-matrix">
  <rows>3</rows>
  <cols>3</cols>
  <dt>d</dt>
  <data>
    9.8607021452853110e+02 0. 6.3950000000000000e+02 0.
    9.8607021452853110e+02 3.5950000000000000e+02 0. 0. 1.</data></Camera_Matrix>
<Distortion_Coefficients type_id="opencv-matrix">
  <rows>5</rows>
  <cols>1</cols>
  <dt>d</dt>
  <data>
    -1.0506774313753120e-01 2.6927527111206623e-01 0. 0.
    -2.9974908977287601e-01</data></Distortion_Coefficients>
<Avg_Reprojection_Error>7.1713212939899373e-01</Avg_Reprojection_Error>
<Per_View_Reprojection_Errors type_id="opencv-matrix">
  <rows>10</rows>
  <cols>1</cols>
  <dt>f</dt>
  <data>
    6.84829056e-01 5.03616452e-01 5.34174085e-01 5.77612936e-01
    6.45443559e-01 6.32945359e-01 6.13885283e-01 7.75099099e-01
    9.66414511e-01 1.03555679e+00</data></Per_View_Reprojection_Errors>
<!-- a set of 6-tuples (rotation vector + translation vector) for each view -->
<Extrinsic_Parameters type_id="opencv-matrix">
  <rows>10</rows>
  <cols>6</cols>
  <dt>d</dt>
  <data>
    1.1903554744614725e-01 6.5871351477781712e-02 3.1222335050271246e+00
    2.0227336147199560e+02 9.2303640097625376e+01 5.8081724580845571e+02
    -1.1107843313296840e-01 -1.1739464966694368e-01
    -3.1321637423686397e+00 2.0794932699014635e+02
    1.0450183666110422e+02 5.8766768894893687e+02 9.4025292998726001e-02
    1.3611510943823021e-01 3.1332588669110613e+00 2.0117193442030907e+02
    1.0007280823767185e+02 5.9401595244974021e+02 9.4720951756092991e-02
    1.3946324428039680e-01 3.1354309765256669e+00 2.0333315136008659e+02
    1.0035637552492193e+02 5.9453231517957022e+02 9.0175193763151154e-02
    1.3682947803612122e-01 3.1370402255290739e+00 2.0588646766549158e+02
    1.0091916371087390e+02 5.9683819805849032e+02
    -9.2798572606178686e-02 -1.3864479306508848e-01
    -3.1281782454345182e+00 2.1081928646836641e+02
    1.0449886175252226e+02 5.9924185900564248e+02
    -4.7562907968646867e-01 -1.1347819086295441e-01
    -3.0734542565218752e+00 2.2431246059072348e+02
    1.1286595547758611e+02 5.7025621631488900e+02
    -6.8334508920477277e-01 -1.0046550443087250e-01
    -3.0585756621388183e+00 2.3880504913136437e+02
    1.1159019086271863e+02 5.4542963518921567e+02 1.2876876946810281e+00
    1.7329600971942302e-01 2.6993447414504095e+00 3.0125933760753946e+02
    1.2594955545869020e+02 4.6696030475035639e+02 1.3602983409930431e+00
    2.2063770459245946e-01 2.6714980126572114e+00 2.8410003683194907e+02
    1.1134847858315862e+02 5.2788034562803659e+02</data></Extrinsic_Parameters>
<Image_points type_id="opencv-matrix">
  <rows>10</rows>
  <cols>54</cols>
  <dt>"2f"</dt>
  <data>
    9.81063965e+02 5.15629639e+02 8.95224915e+02 5.16254822e+02
    8.10830750e+02 5.16916077e+02 7.26871277e+02 5.17496582e+02
    6.44002014e+02 5.18098999e+02 5.62364441e+02 5.18727966e+02
    4.81481140e+02 5.18573242e+02 4.02885651e+02 5.18456543e+02
    3.25423859e+02 5.18360718e+02 9.77624634e+02 4.30677063e+02
    8.92829773e+02 4.31749908e+02 8.09095886e+02 4.33063690e+02
    7.25795776e+02 4.34514191e+02 6.43221313e+02 4.35599457e+02
    5.61403809e+02 4.36446777e+02 4.81150848e+02 4.37194519e+02
    4.03086060e+02 4.37655487e+02 3.26133026e+02 4.38280670e+02
    9.74257446e+02 3.46931213e+02 8.90169556e+02 3.48673737e+02
    8.07248779e+02 3.50311188e+02 7.24290466e+02 3.51595947e+02
    6.42141541e+02 3.53218384e+02 5.60801086e+02 3.54550385e+02
    4.80554352e+02 3.56176300e+02 4.02334167e+02 3.57477936e+02
    3.26192535e+02 3.59065399e+02 9.71084900e+02 2.63401764e+02
    8.87679260e+02 2.65270782e+02 8.05188660e+02 2.67419922e+02
    7.22570801e+02 2.69097717e+02 6.40929199e+02 2.70935699e+02
    5.59919861e+02 2.73039429e+02 4.80184418e+02 2.75097931e+02
    4.01729950e+02 2.77305176e+02 3.25741882e+02 2.79439880e+02
    9.68200378e+02 1.81351105e+02 8.85610474e+02 1.83327225e+02
    8.02762146e+02 1.86320511e+02 7.20748169e+02 1.88281235e+02
    6.39451294e+02 1.90336472e+02 5.59224426e+02 1.92823364e+02
    4.79757629e+02 1.95818161e+02 4.02125549e+02 1.98495117e+02
    3.25411407e+02 2.01240784e+02 9.65630554e+02 1.00028481e+02
    8.82867920e+02 1.02744240e+02 8.00829041e+02 1.05168007e+02
    7.18844849e+02 1.07982925e+02 6.38217407e+02 1.10714485e+02
    5.58320190e+02 1.13605721e+02 4.78748444e+02 1.16470001e+02
    4.01231201e+02 1.19506630e+02 3.24523315e+02 1.22859238e+02
    9.86390564e+02 5.33228516e+02 9.01364136e+02 5.32225220e+02
    8.18183105e+02 5.31292053e+02 7.34946045e+02 5.30440491e+02
    6.53069946e+02 5.29427368e+02 5.72017395e+02 5.28167969e+02
    4.91833160e+02 5.26564758e+02 4.13588745e+02 5.24942566e+02
    3.36612579e+02 5.23431458e+02 9.84104004e+02 4.49505615e+02
    9.00194458e+02 4.49059875e+02 8.17617676e+02 4.48547455e+02
    7.35338074e+02 4.48286957e+02 6.53820557e+02 4.47705780e+02
    5.73047913e+02 4.46950287e+02 4.93522522e+02 4.45898926e+02
    4.15795074e+02 4.44947632e+02 3.39494354e+02 4.44075531e+02
    9.81727600e+02 3.67389587e+02 8.98961975e+02 3.67210907e+02
    8.17355164e+02 3.67038422e+02 7.35524658e+02 3.66948700e+02
    6.54505615e+02 3.66592957e+02 5.74263550e+02 3.66442719e+02
    4.94930389e+02 3.66235962e+02 4.17165527e+02 3.65810791e+02
    3.41876953e+02 3.65614960e+02 9.79812988e+02 2.85729218e+02
    8.97944763e+02 2.85737946e+02 8.16800903e+02 2.86011902e+02
    7.35622803e+02 2.85969116e+02 6.55036377e+02 2.86002136e+02
    5.75501099e+02 2.86332275e+02 4.96473969e+02 2.86699646e+02
    4.19266449e+02 2.87008148e+02 3.44083160e+02 2.87632751e+02
    9.78129211e+02 2.05945206e+02 8.97158447e+02 2.06047653e+02
    8.16191467e+02 2.06986816e+02 7.35400879e+02 2.07047791e+02
    6.55587646e+02 2.07427353e+02 5.76450806e+02 2.07841736e+02
    4.98271118e+02 2.08977585e+02 4.21880157e+02 2.09862457e+02
    3.46161163e+02 2.10749680e+02 9.76790222e+02 1.26687469e+02
    8.95741150e+02 1.27499168e+02 8.15526611e+02 1.28226273e+02
    7.35476379e+02 1.29003601e+02 6.56251831e+02 1.29606567e+02
    5.77781372e+02 1.30612885e+02 4.99497467e+02 1.31823196e+02
    4.23410126e+02 1.32992310e+02 3.47860168e+02 1.34445816e+02
    9.71858704e+02 5.24290710e+02 8.88244873e+02 5.24203979e+02
    8.05691528e+02 5.24222778e+02 7.23282471e+02 5.24064636e+02
    6.41731445e+02 5.24142761e+02 5.61153931e+02 5.23629211e+02
    4.81373932e+02 5.22781006e+02 4.03484680e+02 5.22124451e+02
    3.26558899e+02 5.21351135e+02 9.68640747e+02 4.41308075e+02
    8.85881897e+02 4.41765533e+02 8.04247803e+02 4.42334564e+02
    7.22780090e+02 4.42658691e+02 6.41793152e+02 4.42935608e+02
    5.61516968e+02 4.42846039e+02 4.82438660e+02 4.42738953e+02
    4.05266205e+02 4.42557465e+02 3.28990601e+02 4.42462402e+02
    9.65278564e+02 3.60370850e+02 8.83646362e+02 3.60983856e+02
    8.03067688e+02 3.61535126e+02 7.22095337e+02 3.62153473e+02
    6.41768372e+02 3.62618439e+02 5.62131836e+02 3.63050293e+02
    4.83472778e+02 3.63582367e+02 4.06328278e+02 3.63939789e+02
    3.31028748e+02 3.64508545e+02 9.62399719e+02 2.79957428e+02
    8.81736145e+02 2.80610809e+02 8.01583984e+02 2.81520477e+02
    7.21402527e+02 2.82176544e+02 6.41706543e+02 2.82803223e+02
    5.62679749e+02 2.83690308e+02 4.84503967e+02 2.84825073e+02
    4.07641602e+02 2.85772858e+02 3.32782318e+02 2.86972992e+02
    9.59617004e+02 2.01421204e+02 8.79989807e+02 2.02044189e+02
    7.99991577e+02 2.03429398e+02 7.20446533e+02 2.04249115e+02
    6.41405701e+02 2.05208908e+02 5.63167358e+02 2.06460175e+02
    4.85631226e+02 2.08086212e+02 4.09644226e+02 2.09518219e+02
    3.34590729e+02 2.10805450e+02 9.57356262e+02 1.23608971e+02
